4 6 13 14
4 6 1 7
4 5 3
4 6 1 8 15
4 6 2
4 6 1 7 10
4 5
4 6
4 6 1 8 9
4 6 13 11
4 6 1 8
4 6 1 7 10 12
4 6 13
4 6 1
14 13 6 4
14 7
14 7 1 8 3
14 7 10 9 15
14 13 6 2
14 7 10
14 13 6 4 5
14 13 6
14 7 10 9
14 11
14 7 1 8
14 7 10 12
14 13
14 7 1
7 1 6 4
7 14
7 1 8 3
7 10 9 15
7 1 6 2
7 10
7 1 6 4 5
7 1 6
7 10 9
7 14 11
7 1 8
7 10 12
7 14 13
7 1
3 5 4
3 2 6 13 14
3 8 1 7
3 8 15
3 2
3 8 9 10
3 5
3 2 6
3 8 9
3 2 6 13 11
3 8
3 8 9 12
3 2 6 13
3 8 1
15 8 3 5 4
15 9 10 7 14
15 9 10 7
15 8 3
15 8 3 2
15 9 10
15 8 3 5
15 8 1 6
15 9
15 9 10 7 14 11
15 8
15 9 12
15 8 1 6 13
15 8 1
2 6 4
2 6 13 14
2 6 1 7
2 3
2 3 8 15
2 6 1 7 10
2 5
2 6
2 3 8 9
2 6 13 11
2 3 8
2 3 8 9 12
2 6 13
2 6 1
10 7 1 6 4
10 7 14
10 7
10 9 8 3
10 9 15
10 7 1 6 2
10 9 8 3 5
10 7 1 6
10 9
10 7 14 11
10 9 8
10 12
10 7 14 13
10 7 1
5 4
5 4 6 13 14
5 4 6 1 7
5 3
5 3 8 15
5 2
5 3 8 9 10
5 4 6
5 3 8 9
5 4 6 13 11
5 3 8
5 3 8 9 12
5 4 6 13
5 4 6 1
6 4
6 13 14
6 1 7
6 2 3
6 1 8 15
6 2
6 1 7 10
6 4 5
6 1 8 9
6 13 11
6 1 8
6 1 7 10 12
6 13
6 1
9 8 3 5 4
9 10 7 14
9 10 7
9 8 3
9 15
9 8 3 2
9 10
9 8 3 5
9 8 1 6
9 10 7 14 11
9 8
9 12
9 10 7 14 13
9 8 1
11 13 6 4
11 14
11 14 7
11 13 6 2 3
11 14 7 10 9 15
11 13 6 2
11 14 7 10
11 13 6 4 5
11 13 6
11 14 7 10 9
11 14 7 1 8
11 14 7 10 12
11 13
11 14 7 1
8 3 5 4
8 1 7 14
8 1 7
8 3
8 15
8 3 2
8 9 10
8 3 5
8 1 6
8 9
8 1 6 13 11
8 9 12
8 1 6 13
8 1
12 9 8 3 5 4
12 10 7 14
12 10 7
12 9 8 3
12 9 15
12 9 8 3 2
12 10
12 9 8 3 5
12 9 8 1 6
12 9
12 10 7 14 11
12 9 8
12 10 7 14 13
12 9 8 1
13 6 4
13 14
13 14 7
13 6 2 3
13 6 1 8 15
13 6 2
13 14 7 10
13 6 4 5
13 6
13 6 1 8 9
13 11
13 6 1 8
13 14 7 10 12
13 6 1
1 6 4
1 7 14
1 7
1 8 3
1 8 15
1 6 2
1 7 10
1 6 4 5
1 6
1 8 9
1 6 13 11
1 8
1 7 10 12
1 6 13
