0 1
0 1 2
0 1 2 3
0 1 2 3 4
0 1 2 3 4 5
0 1 2 3 4 5 6
0 1 2 3 4 5 6 7
0 1 2 3 4 5 6 7 8
0 1 2 3 4 5 6 7 8 9
0 1 2 3 4 5 6 7 8 9 10
1 2
1 2 3
1 2 3 4
1 2 3 4 5
1 2 3 4 5 6
1 2 3 4 5 6 7
1 2 3 4 5 6 7 8
1 2 3 4 5 6 7 8 9
1 2 3 4 5 6 7 8 9 10
2 3
2 3 4
2 3 4 5
2 3 4 5 6
2 3 4 5 6 7
2 3 4 5 6 7 8
2 3 4 5 6 7 8 9
2 3 4 5 6 7 8 9 10
3 4
3 4 5
3 4 5 6
3 4 5 6 7
3 4 5 6 7 8
3 4 5 6 7 8 9
3 4 5 6 7 8 9 10
4 5
4 5 6
4 5 6 7
4 5 6 7 8
4 5 6 7 8 9
4 5 6 7 8 9 10
5 6
5 6 7
5 6 7 8
5 6 7 8 9
5 6 7 8 9 10
6 7
6 7 8
6 7 8 9
6 7 8 9 10
7 8
7 8 9
7 8 9 10
8 9
8 9 10
9 10