0 1  
0 2 1  
0 2  
0 1 2  
0 1 3  
0 2 1 3  
0 7 6 4  
0 1 3 4  
0 2 5  
0 1 2 5  
0 7 6  
0 1 3 4 6  
0 7  
0 1 3 4 6 7  
0 7 8  
0 2 5 9 8  
0 7 8 9  
0 2 5 9  
0 1 3 10  
0 2 1 3 10  
0 7 8 11  
0 1 3 10 11  
0 2 5 12  
0 1 2 5 12  
0 7 8 13  
0 1 3 10 13  
1 0  
1 2 0  
1 2  
1 0 2  
1 3  
1 2 5 4 3  
1 3 4  
1 2 5 4  
1 2 5  
1 0 2 5  
1 0 7 6  
1 3 4 6  
1 0 7  
1 2 0 7  
1 0 7 8  
1 2 0 7 8  
1 2 5 9  
1 0 7 8 9  
1 3 10  
1 0 7 8 13 10  
1 3 10 11  
1 0 7 8 11  
1 2 5 12  
1 0 2 5 12  
1 3 10 13  
1 0 7 8 13  
2 0  
2 1 0  
2 1  
2 0 1  
2 1 3  
2 0 1 3  
2 5 4  
2 1 3 4  
2 5  
2 1 3 4 5  
2 0 7 6  
2 5 4 6  
2 0 7  
2 1 0 7  
2 0 7 8  
2 5 9 8  
2 5 9  
2 0 7 8 9  
2 1 3 10  
2 0 1 3 10  
2 5 12 11  
2 5 9 8 11  
2 5 12  
2 5 9 8 13 12  
2 5 12 13  
2 5 9 8 13  
3 1 0  
3 1 2 0  
3 1  
3 4 5 2 1  
3 1 2  
3 1 0 2  
3 4  
3 1 2 5 4  
3 4 5  
3 1 2 5  
3 4 6  
3 1 0 7 6  
3 4 6 7  
3 1 0 7  
3 10 13 8  
3 10 11 8  
3 4 5 9  
3 1 2 5 9  
3 10  
3 4 5 12 13 10  
3 10 11  
3 10 13 12 11  
3 10 13 12  
3 10 11 12  
3 10 13  
3 10 11 12 13  
4 3 1 0  
4 5 2 0  
4 3 1  
4 5 2 1  
4 5 2  
4 3 1 2  
4 3  
4 5 2 1 3  
4 5  
4 3 1 2 5  
4 6  
4 5 2 0 7 6  
4 6 7  
4 3 1 0 7  
4 6 7 8  
4 5 9 8  
4 5 9  
4 6 7 8 9  
4 3 10  
4 5 12 13 10  
4 3 10 11  
4 5 12 11  
4 5 12  
4 3 10 13 12  
4 3 10 13  
4 5 12 13  
5 2 0  
5 2 1 0  
5 2 1  
5 2 0 1  
5 2  
5 4 3 1 2  
5 4 3  
5 2 1 3  
5 4  
5 2 1 3 4  
5 4 6  
5 2 0 7 6  
5 4 6 7  
5 2 0 7  
5 9 8  
5 12 13 8  
5 9  
5 12 11 8 9  
5 12 13 10  
5 12 11 10  
5 12 11  
5 9 8 11  
5 12  
5 9 8 13 12  
5 12 13  
5 9 8 13  
6 7 0  
6 4 3 1 0  
6 7 0 1  
6 4 3 1  
6 4 5 2  
6 7 0 2  
6 4 3  
6 7 0 1 3  
6 4  
6 7 0 1 3 4  
6 4 5  
6 7 8 9 5  
6 7  
6 4 3 1 0 7  
6 7 8  
6 4 5 9 8  
6 7 8 9  
6 4 5 9  
6 4 3 10  
6 7 8 13 10  
6 7 8 11  
6 4 3 10 11  
6 4 5 12  
6 7 8 13 12  
6 7 8 13  
6 4 3 10 13  
7 0  
7 8 9 5 2 0  
7 0 1  
7 0 2 1  
7 0 2  
7 0 1 2  
7 0 1 3  
7 6 4 3  
7 6 4  
7 0 1 3 4  
7 8 9 5  
7 0 2 5  
7 6  
7 8 9 5 4 6  
7 8  
7 6 4 5 9 8  
7 8 9  
7 0 2 5 9  
7 8 13 10  
7 8 11 10  
7 8 11  
7 8 13 12 11  
7 8 13 12  
7 8 11 12  
7 8 13  
7 8 11 12 13  
8 7 0  
8 9 5 2 0  
8 7 0 1  
8 7 0 2 1  
8 7 0 2  
8 9 5 2  
8 13 10 3  
8 11 10 3  
8 7 6 4  
8 9 5 4  
8 9 5  
8 11 12 5  
8 7 6  
8 9 5 4 6  
8 7  
8 9 5 4 6 7  
8 9  
8 11 12 5 9  
8 13 10  
8 11 10  
8 11  
8 13 12 11  
8 13 12  
8 11 12  
8 13  
8 11 12 13  
9 8 7 0  
9 5 2 0  
9 5 2 1  
9 5 2 0 1  
9 5 2  
9 8 7 0 2  
9 5 4 3  
9 5 2 1 3  
9 5 4  
9 8 7 6 4  
9 5  
9 8 11 12 5  
9 8 7 6  
9 5 4 6  
9 8 7  
9 5 4 6 7  
9 8  
9 5 12 13 8  
9 8 13 10  
9 8 11 10  
9 8 11  
9 5 12 11  
9 5 12  
9 8 13 12  
9 8 13  
9 5 12 13  
10 3 1 0  
10 3 1 2 0  
10 3 1  
10 3 4 5 2 1  
10 3 1 2  
10 3 1 0 2  
10 3  
10 13 12 5 4 3  
10 3 4  
10 11 12 5 4  
10 11 12 5  
10 3 4 5  
10 3 4 6  
10 11 8 7 6  
10 13 8 7  
10 11 8 7  
10 13 8  
10 11 8  
10 13 8 9  
10 11 8 9  
10 11  
10 13 12 11  
10 13 12  
10 11 12  
10 13  
10 11 12 13  
11 8 7 0  
11 10 3 1 0  
11 10 3 1  
11 8 7 0 1  
11 12 5 2  
11 8 7 0 2  
11 10 3  
11 8 13 10 3  
11 10 3 4  
11 12 5 4  
11 12 5  
11 8 9 5  
11 8 7 6  
11 10 3 4 6  
11 8 7  
11 10 13 8 7  
11 8  
11 10 13 8  
11 8 9  
11 12 5 9  
11 10  
11 8 13 10  
11 12  
11 8 13 12  
11 12 13  
11 8 13  
12 5 2 0  
12 5 2 1 0  
12 5 2 1  
12 5 2 0 1  
12 5 2  
12 11 8 7 0 2  
12 13 10 3  
12 5 4 3  
12 5 4  
12 11 10 3 4  
12 5  
12 11 8 9 5  
12 5 4 6  
12 11 8 7 6  
12 13 8 7  
12 11 8 7  
12 13 8  
12 11 8  
12 5 9  
12 11 8 9  
12 13 10  
12 11 10  
12 11  
12 13 8 11  
12 13  
12 11 8 13  
13 8 7 0  
13 10 3 1 0  
13 10 3 1  
13 8 7 0 1  
13 12 5 2  
13 8 7 0 2  
13 10 3  
13 8 11 10 3  
13 10 3 4  
13 12 5 4  
13 12 5  
13 8 9 5  
13 8 7 6  
13 10 3 4 6  
13 8 7  
13 10 11 8 7  
13 8  
13 10 11 8  
13 8 9  
13 12 5 9  
13 10  
13 8 11 10  
13 12 11  
13 8 11  
13 12  
13 8 11 12